   1.0000000e-06   2.6003805e+03   3.3846669e+05
   1.0000000e+00   2.9791451e+03   3.9742202e+02
   2.0000000e+00   3.1356272e+03   2.9542341e+02
   3.0000000e+00   3.2555688e+03   2.4941342e+02
   4.0000000e+00   3.3566165e+03   2.2154091e+02
   5.0000000e+00   3.4455934e+03   2.0223714e+02
   6.0000000e+00   3.5259906e+03   1.8779157e+02
   7.0000000e+00   3.5998762e+03   1.7642035e+02
   8.0000000e+00   3.6685931e+03   1.6714402e+02
   9.0000000e+00   3.7330704e+03   1.5937336e+02
   1.0000000e+01   3.7939814e+03   1.5272947e+02
   1.1000000e+01   3.8518319e+03   1.4695588e+02
   1.2000000e+01   3.9070126e+03   1.4187182e+02
   1.3000000e+01   3.9598322e+03   1.3734563e+02
   1.4000000e+01   4.0105396e+03   1.3327876e+02
   1.5000000e+01   4.0593383e+03   1.2959574e+02
   1.6000000e+01   4.1063973e+03   1.2623764e+02
   1.7000000e+01   4.1518584e+03   1.2315764e+02
   1.8000000e+01   4.1958420e+03   1.2031800e+02
   1.9000000e+01   4.2384513e+03   1.1768789e+02
   2.0000000e+01   4.2797753e+03   1.1524186e+02
   2.1000000e+01   4.3198917e+03   1.1295864e+02
   2.2000000e+01   4.3588684e+03   1.1082034e+02
   2.3000000e+01   4.3967655e+03   1.0881174e+02
   2.4000000e+01   4.4336364e+03   1.0691981e+02
   2.5000000e+01   4.4695286e+03   1.0513333e+02
   2.6000000e+01   4.5044850e+03   1.0344256e+02
   2.7000000e+01   4.5385443e+03   1.0183899e+02
   2.8000000e+01   4.5717417e+03   1.0031519e+02
   2.9000000e+01   4.6041091e+03   9.8864563e+01
   3.0000000e+01   4.6356761e+03   9.7481298e+01
   3.1000000e+01   4.6664697e+03   9.6160212e+01
   3.2000000e+01   4.6965150e+03   9.4896678e+01
   3.3000000e+01   4.7258354e+03   9.3686551e+01
   3.4000000e+01   4.7544526e+03   9.2526098e+01
   3.5000000e+01   4.7823870e+03   9.1411951e+01
   3.6000000e+01   4.8096579e+03   9.0341061e+01
   3.7000000e+01   4.8362834e+03   8.9310657e+01
   3.8000000e+01   4.8622807e+03   8.8318220e+01
   3.9000000e+01   4.8876662e+03   8.7361445e+01
   4.0000000e+01   4.9124555e+03   8.6438226e+01
   4.1000000e+01   4.9366634e+03   8.5546630e+01
   4.2000000e+01   4.9603044e+03   8.4684879e+01
   4.3000000e+01   4.9833922e+03   8.3851337e+01
   4.4000000e+01   5.0059399e+03   8.3044490e+01
   4.5000000e+01   5.0279606e+03   8.2262941e+01
   4.6000000e+01   5.0494665e+03   8.1505393e+01
   4.7000000e+01   5.0704696e+03   8.0770644e+01
   4.8000000e+01   5.0909817e+03   8.0057574e+01
   4.9000000e+01   5.1110140e+03   7.9365143e+01
   5.0000000e+01   5.1305775e+03   7.8692378e+01
   5.1000000e+01   5.1496831e+03   7.8038371e+01
   5.2000000e+01   5.1683411e+03   7.7402273e+01
   5.3000000e+01   5.1865618e+03   7.6783289e+01
   5.4000000e+01   5.2043551e+03   7.6180673e+01
   5.5000000e+01   5.2217309e+03   7.5593723e+01
   5.6000000e+01   5.2386986e+03   7.5021781e+01
   5.7000000e+01   5.2552675e+03   7.4464227e+01
   5.8000000e+01   5.2714468e+03   7.3920477e+01
   5.9000000e+01   5.2872453e+03   7.3389978e+01
   6.0000000e+01   5.3026718e+03   7.2872211e+01
   6.1000000e+01   5.3177349e+03   7.2366683e+01
   6.2000000e+01   5.3324427e+03   7.1872929e+01
   6.3000000e+01   5.3468037e+03   7.1390507e+01
   6.4000000e+01   5.3608257e+03   7.0918999e+01
   6.5000000e+01   5.3745165e+03   7.0458008e+01
   6.6000000e+01   5.3878839e+03   7.0007158e+01
   6.7000000e+01   5.4009354e+03   6.9566090e+01
   6.8000000e+01   5.4136782e+03   6.9134465e+01
   6.9000000e+01   5.4261196e+03   6.8711957e+01
   7.0000000e+01   5.4382667e+03   6.8298258e+01
   7.1000000e+01   5.4501261e+03   6.7893073e+01
   7.2000000e+01   5.4617048e+03   6.7496122e+01
   7.3000000e+01   5.4730092e+03   6.7107136e+01
   7.4000000e+01   5.4840458e+03   6.6725859e+01
   7.5000000e+01   5.4948208e+03   6.6352047e+01
   7.6000000e+01   5.5053405e+03   6.5985466e+01
   7.7000000e+01   5.5156107e+03   6.5625890e+01
   7.8000000e+01   5.5256373e+03   6.5273106e+01
   7.9000000e+01   5.5354261e+03   6.4926908e+01
   8.0000000e+01   5.5449826e+03   6.4587098e+01
   8.1000000e+01   5.5543123e+03   6.4253489e+01
   8.2000000e+01   5.5634205e+03   6.3925897e+01
   8.3000000e+01   5.5723124e+03   6.3604149e+01
   8.4000000e+01   5.5809930e+03   6.3288077e+01
   8.5000000e+01   5.5894673e+03   6.2977521e+01
   8.6000000e+01   5.5977402e+03   6.2672325e+01
   8.7000000e+01   5.6058162e+03   6.2372340e+01
   8.8000000e+01   5.6137000e+03   6.2077424e+01
   8.9000000e+01   5.6213961e+03   6.1787438e+01
   9.0000000e+01   5.6289087e+03   6.1502249e+01
   9.1000000e+01   5.6362422e+03   6.1221728e+01
   9.2000000e+01   5.6434007e+03   6.0945753e+01
   9.3000000e+01   5.6503882e+03   6.0674203e+01
   9.4000000e+01   5.6572086e+03   6.0406964e+01
   9.5000000e+01   5.6638658e+03   6.0143924e+01
   9.6000000e+01   5.6703634e+03   5.9884977e+01
   9.7000000e+01   5.6767051e+03   5.9630018e+01
   9.8000000e+01   5.6828944e+03   5.9378947e+01
   9.9000000e+01   5.6889348e+03   5.9131667e+01
   1.0000000e+02   5.6948296e+03   5.8888084e+01
   1.0100000e+02   5.7005820e+03   5.8648109e+01
   1.0200000e+02   5.7061953e+03   5.8411652e+01
   1.0300000e+02   5.7116724e+03   5.8178629e+01
   1.0400000e+02   5.7170165e+03   5.7948958e+01
   1.0500000e+02   5.7222304e+03   5.7722558e+01
   1.0600000e+02   5.7273169e+03   5.7499353e+01
   1.0700000e+02   5.7322789e+03   5.7279267e+01
   1.0800000e+02   5.7371190e+03   5.7062228e+01
   1.0900000e+02   5.7418398e+03   5.6848166e+01
   1.1000000e+02   5.7464440e+03   5.6637011e+01
   1.1100000e+02   5.7509339e+03   5.6428698e+01
   1.1200000e+02   5.7553119e+03   5.6223162e+01
   1.1300000e+02   5.7595805e+03   5.6020340e+01
   1.1400000e+02   5.7637419e+03   5.5820172e+01
   1.1500000e+02   5.7677983e+03   5.5622598e+01
   1.1600000e+02   5.7717519e+03   5.5427562e+01
   1.1700000e+02   5.7756048e+03   5.5235007e+01
   1.1800000e+02   5.7793590e+03   5.5044879e+01
   1.1900000e+02   5.7830165e+03   5.4857125e+01
   1.2000000e+02   5.7865792e+03   5.4671694e+01
   1.2100000e+02   5.7900491e+03   5.4488535e+01
   1.2200000e+02   5.7934279e+03   5.4307601e+01
   1.2300000e+02   5.7967175e+03   5.4128844e+01
   1.2400000e+02   5.7999195e+03   5.3952218e+01
   1.2500000e+02   5.8030357e+03   5.3777678e+01
   1.2600000e+02   5.8060677e+03   5.3605180e+01
   1.2700000e+02   5.8090170e+03   5.3434681e+01
   1.2800000e+02   5.8118853e+03   5.3266140e+01
   1.2900000e+02   5.8146741e+03   5.3099517e+01
   1.3000000e+02   5.8173847e+03   5.2934772e+01
   1.3100000e+02   5.8200188e+03   5.2771866e+01
   1.3200000e+02   5.8225775e+03   5.2610762e+01
   1.3300000e+02   5.8250624e+03   5.2451424e+01
   1.3400000e+02   5.8274746e+03   5.2293815e+01
   1.3500000e+02   5.8298156e+03   5.2137901e+01
   1.3600000e+02   5.8320865e+03   5.1983648e+01
   1.3700000e+02   5.8342886e+03   5.1831022e+01
   1.3800000e+02   5.8364231e+03   5.1679991e+01
   1.3900000e+02   5.8384911e+03   5.1530523e+01
   1.4000000e+02   5.8404937e+03   5.1382588e+01
   1.4100000e+02   5.8424320e+03   5.1236154e+01
   1.4200000e+02   5.8443071e+03   5.1091193e+01
   1.4300000e+02   5.8461200e+03   5.0947676e+01
   1.4400000e+02   5.8478718e+03   5.0805574e+01
   1.4500000e+02   5.8495634e+03   5.0664860e+01
   1.4600000e+02   5.8511958e+03   5.0525507e+01
   1.4700000e+02   5.8527700e+03   5.0387488e+01
   1.4800000e+02   5.8542867e+03   5.0250777e+01
   1.4900000e+02   5.8557470e+03   5.0115350e+01
   1.5000000e+02   5.8571517e+03   4.9981182e+01
   1.5100000e+02   5.8585017e+03   4.9848248e+01
   1.5200000e+02   5.8597976e+03   4.9716525e+01
   1.5300000e+02   5.8610405e+03   4.9585990e+01
   1.5400000e+02   5.8622310e+03   4.9456619e+01
   1.5500000e+02   5.8633699e+03   4.9328391e+01
   1.5600000e+02   5.8644580e+03   4.9201285e+01
   1.5700000e+02   5.8654959e+03   4.9075278e+01
   1.5800000e+02   5.8664845e+03   4.8950350e+01
   1.5900000e+02   5.8674243e+03   4.8826481e+01
   1.6000000e+02   5.8683161e+03   4.8703650e+01
   1.6100000e+02   5.8691605e+03   4.8581838e+01
   1.6200000e+02   5.8699582e+03   4.8461025e+01
   1.6300000e+02   5.8707098e+03   4.8341194e+01
   1.6400000e+02   5.8714159e+03   4.8222325e+01
   1.6500000e+02   5.8720771e+03   4.8104400e+01
   1.6600000e+02   5.8726939e+03   4.7987402e+01
   1.6700000e+02   5.8732671e+03   4.7871313e+01
   1.6800000e+02   5.8737970e+03   4.7756116e+01
   1.6900000e+02   5.8742843e+03   4.7641794e+01
   1.7000000e+02   5.8747295e+03   4.7528332e+01
   1.7100000e+02   5.8751332e+03   4.7415712e+01
   1.7200000e+02   5.8754957e+03   4.7303919e+01
   1.7300000e+02   5.8758177e+03   4.7192938e+01
   1.7400000e+02   5.8760996e+03   4.7082754e+01
   1.7500000e+02   5.8763419e+03   4.6973350e+01
   1.7600000e+02   5.8765450e+03   4.6864714e+01
   1.7700000e+02   5.8767095e+03   4.6756830e+01
   1.7800000e+02   5.8768357e+03   4.6649684e+01
   1.7900000e+02   5.8769241e+03   4.6543262e+01
   1.8000000e+02   5.8769751e+03   4.6437552e+01
